--------------------------------------------------------------------------------

[LIST_DUMP]

isSorted : 1
size : 0

   i :   0   1   2   3   4   5   6   7   8   9  10 

elem :   0   0   0   0   0   0   0   0   0   0   0 

next :   0   2   3   4   5   6   7   8   9  10   0 

prev :   0  -1  -1  -1  -1  -1  -1  -1  -1  -1  -1 

head : 0
tail : 0
freePlace : 1

--------------------------------------------------------------------------------

--------------------------------------------------------------------------------

[LIST_DUMP]

isSorted : 1
size : 1

   i :   0   1   2   3   4   5   6   7   8   9  10 

elem :   0  10   0   0   0   0   0   0   0   0   0 

next :   0   0   3   4   5   6   7   8   9  10   0 

prev :   0   0  -1  -1  -1  -1  -1  -1  -1  -1  -1 

head : 1
tail : 1
freePlace : 2

--------------------------------------------------------------------------------

--------------------------------------------------------------------------------

[LIST_DUMP]

isSorted : 1
size : 2

   i :   0   1   2   3   4   5   6   7   8   9  10 

elem :   0  10  20   0   0   0   0   0   0   0   0 

next :   0   2   0   4   5   6   7   8   9  10   0 

prev :   0   0   1  -1  -1  -1  -1  -1  -1  -1  -1 

head : 1
tail : 2
freePlace : 3

--------------------------------------------------------------------------------

--------------------------------------------------------------------------------

[LIST_DUMP]

isSorted : 1
size : 3

   i :   0   1   2   3   4   5   6   7   8   9  10 

elem :   0  10  20  30   0   0   0   0   0   0   0 

next :   0   2   3   0   5   6   7   8   9  10   0 

prev :   0   0   1   2  -1  -1  -1  -1  -1  -1  -1 

head : 1
tail : 3
freePlace : 4

--------------------------------------------------------------------------------

--------------------------------------------------------------------------------

[LIST_DUMP]

isSorted : 1
size : 4

   i :   0   1   2   3   4   5   6   7   8   9  10 

elem :   0  10  20  30  40   0   0   0   0   0   0 

next :   0   2   3   4   0   6   7   8   9  10   0 

prev :   0   0   1   2   3  -1  -1  -1  -1  -1  -1 

head : 1
tail : 4
freePlace : 5

--------------------------------------------------------------------------------

--------------------------------------------------------------------------------

[LIST_DUMP]

isSorted : 1
size : 5

   i :   0   1   2   3   4   5   6   7   8   9  10 

elem :   0  10  20  30  40  50   0   0   0   0   0 

next :   0   2   3   4   5   0   7   8   9  10   0 

prev :   0   0   1   2   3   4  -1  -1  -1  -1  -1 

head : 1
tail : 5
freePlace : 6

--------------------------------------------------------------------------------

--------------------------------------------------------------------------------

[LIST_DUMP]

isSorted : 1
size : 6

   i :   0   1   2   3   4   5   6   7   8   9  10 

elem :   0  10  20  30  40  50  60   0   0   0   0 

next :   0   2   3   4   5   6   0   8   9  10   0 

prev :   0   0   1   2   3   4   5  -1  -1  -1  -1 

head : 1
tail : 6
freePlace : 7

--------------------------------------------------------------------------------

--------------------------------------------------------------------------------

[LIST_DUMP]

isSorted : 1
size : 7

   i :   0   1   2   3   4   5   6   7   8   9  10 

elem :   0  10  20  30  40  50  60  70   0   0   0 

next :   0   2   3   4   5   6   7   0   9  10   0 

prev :   0   0   1   2   3   4   5   6  -1  -1  -1 

head : 1
tail : 7
freePlace : 8

--------------------------------------------------------------------------------

--------------------------------------------------------------------------------

[LIST_DUMP]

isSorted : 1
size : 8

   i :   0   1   2   3   4   5   6   7   8   9  10 

elem :   0  10  20  30  40  50  60  70  80   0   0 

next :   0   2   3   4   5   6   7   8   0  10   0 

prev :   0   0   1   2   3   4   5   6   7  -1  -1 

head : 1
tail : 8
freePlace : 9

--------------------------------------------------------------------------------

--------------------------------------------------------------------------------

[LIST_DUMP]

isSorted : 0
size : 9

   i :   0   1   2   3   4   5   6   7   8   9  10 

elem :   0  10  20  30  40  50  60  70  80  80   0 

next :   0   2   9   4   5   6   7   8   0   3   0 

prev :   0   0   1   9   3   4   5   6   7   2  -1 

head : 1
tail : 8
freePlace : 10

--------------------------------------------------------------------------------

--------------------------------------------------------------------------------

[LIST_DUMP]

isSorted : 0
size : 10

   i :   0   1   2   3   4   5   6   7   8   9  10 

elem :   0  10  20  30  40  50  60  70  80  80  90 

next :   0   2  10   4   5   6   7   8   0   3   9 

prev :   0   0   1   9   3   4   5   6   7  10   2 

head : 1
tail : 8
freePlace : 0

--------------------------------------------------------------------------------

--------------------------------------------------------------------------------

[LIST_DUMP]

isSorted : 0
size : 9

   i :   0   1   2   3   4   5   6   7   8   9  10 

elem :   0  10  20  30   0  50  60  70  80  80  90 

next :   0   2  10   5   0   6   7   8   0   3   9 

prev :   0   0   1   9  -1   3   5   6   7  10   2 

head : 1
tail : 8
freePlace : 4

--------------------------------------------------------------------------------

--------------------------------------------------------------------------------

[LIST_DUMP]

isSorted : 0
size : 8

   i :   0   1   2   3   4   5   6   7   8   9  10 

elem :   0  10  20  30   0  50  60  70   0  80  90 

next :   0   2  10   5   0   6   7   0   4   3   9 

prev :   0   0   1   9  -1   3   5   6  -1  10   2 

head : 1
tail : 7
freePlace : 8

--------------------------------------------------------------------------------

